100605
101741
107138
102707
105793
101094
107790
109169
104312
109777
107484
104075
106122
102040
103628
109589
100287
109348
109928
104815
100116
109052
105483
109404
105601
100731
108384
106213
109304
102437
108988
106671
107985
103947
105454
106731
105652
107213
100822
107869
101238
106832
103956
107439
105063
109824
106850
105159
101739
104872
101685
105574
104137
102351
105216
107746
103296
105765
104969
108166
101856
107422
109280
109032
108456
105310
103325
106556
103468
102758
100601
106167
102617
101230
100128
101607
102508
106596
104534
100929
104159
100020
100376
101322
103494
107032
105236
104698
105050
102353
104635
103182
104915
105639
108389
109229
106395
101965
103302
100574
108416
100089
108864
102584
104474
100323
104281
103769
100607
109179
102702
106395
107251
107712
101593
102404
105348
107038
100207
108925
101365
105480
109548
100181
108840
102503
103347
100519
108530
101921
109553
101081
108410
106429
105970
103158
107954
102262
109702
105647
109625
105422
100469
100269
104767
101045
104240
101994
105595
109034
107258
105537
109562
105841
109655
101987
104425
105526
106419
102604
101173
100593
101254
104901
102864
101723
107511
104843
104855
106448
108527
100095
101953
101428
107712
103248
103883
107755
108837
106102
107170
106244
102140
106096
104849
103237
103745
103184
106732
104941
101260
101637
106827
108038
109198
101690
109931
104170
103240
106573
109329
105848
100669
104499
107025
104326
100169
109706
101358
102985
105377
100799
106211
100147
105837
106912
107553
102108
108388
102261
102330
104772
106758
102987
102045
101720
103648
105008
106499
104067
102604
103734
102346
101911
109351
100146
108543
100572
106039
103236
106306
106520
105468
106060
100356
101551
103493
107979
105892
104301
103463
107768
106522
105602
100426
104004
108500
100974
106485
107408
100960
101661
103675
103693
103832
106884
103877
105620
103412
106573
100450
102183
101261
102783
108492
103623
108750
105682
109949
105736
107664
109073
109394
101090
107814
107968
102239
102954
101286
100848
100131
108112
100441
103761
102526
100265
107764
104264
108560
102336
100040
102530
105459
103033
102807
106375
107147
106359
106505
105393
104205
101375
105790
103087
102686
100907
101748
101734
109101
102851
102315
109959
107556
100873
103575
105431
103851
100948
103238
103883
106558
100080
105571
107970
100049
109796
100954
100999
104672
104436
103005
106263
102187
109768
101078
104880
100386
102572
105374
105019
109309
103161
101389
102635
102272
105044
104963
105526
107581
100757
100006
102980
108810
103163
108653
109605
102900
107391
108061
100536
100388
109158
100833
104890
106753
105002
103920
100395
100086
105963
106170
109735
103622
102562
100658
102307
106637
108343
103474
101159
105033
108388
100172
106203
109561
107033
109437
106245
101317
108257
108839
106274
108622
106357
109615
108898
103222
100383
108131
102985
102691
103794
108656
100515
102496
103416
100164
105352
105253
103020
103951
103233
104457
106217
105423
105610
106373
102738
101276
102184
103370
102980
103121
104140
105318
103001
104941
109704
108307
105662
104345
100642
109648
107144
103322
101319
107780
108370
109529
100018
107104
105226
109969
100909
106564
106908
108104
105126
100117
103087
101794
102742
100222
109663
105859
101935
104196
106122
101140
106980
105646
102576
101080
105997
105717
104388
104926
104362
101017
102680
101801
106424
100644
102872
102143
101602
100691
108501
102911
106090
102209
107558
100119
107032
101030
100090
109893
103170
106753
105585
104044
101421
104114
102075
106441
101858
101739
105040
104198
102885
100679
101890
104078
107634
105947
107776
108754
102057
104172
106557
102428
100012
101842
100160
108579
102422
106348
102493
104878
104926
103332
106852
100988
100283
108436
106024
104723
100139
106329
103139
100600
101151
102166
107992
109647
108585
100860
109049
100658
104505
102969
100314
108823
100276
107055
103269
109309
100071
106423
107088
106664
109994
104821
105452
102510
100776
108574
101039
101504
105693
101415
106629
105101
101681
100575
106658
103075
101621
103776
101403
101911
109435
105506
103765
102151
102139
109201
109326
102111
102163
108432
100539
105145
100271
109885
102514
106184
109434
108647
102953
108550
105251
109469
107982
100172
103555
102393
102776
105123
109261
104702
102382
102537
106663
101598
109047
102054
106569
101870
106369
103823
103604
103709
104262
100874
100597
106035
104764
105555
101049
109703
104044
101679
105715
106276
105270
107023
101340
109341
108754
108903
107594
103118
102362
109599
105956
100757
105814
104362
103637
103040
105272
102790
101391
106056
107817
106755
107683
101327
108996
102903
101438
102487
100274
100129
100325
100931
102165
102828
100628
101762
102377
104343
103955
107352
107319
106131
109179
104959
107404
108956
100824
102927
102505
100555
105247
100665
108285
100811
100113
108826
104832
102011
100208
101902
105121
105492
100802
103075
105171
106268
106340
105232
106179
107562
109249
101813
106061
106667
100915
107572
106367
100835
100249
100593
109070
102936
101450
105191
100888
103420
102184
103211
100266
108169
105224
102548
102979
101714
107970
108427
100856
100295
100580
106719
104681
108729
107324
100380
107460
101711
102309
108893
107241
108425
104209
105648
102638
104483
107304
101450
103907
108380
104528
106938
100585
102631
102606
103186
102990
107857
107292
100483
106924
101061
100315
102888
103316
101437
106667
106854
108756
106041
109993
108914
105473
104196
106871
105475
105409
105717
105602
108186
108231
103540
100720
105776
102212
108158
105033
102271
107980
100875
101641
103283
108376
101757
102466
107330
102266
101628
107638
108969
107254
100400
107157
101785
104030
101278
109812
106307
105182
104198
102928
101072
105034
104636
106209
108804
103333
106246
100674
105187
107220
107302
101296
102484
100274
103241
100513
107797
108165
104830
103542
101615
105856
107035
102484
106892
109562
107917
109248
102151
102591
103454
106889
101011
109174
108060
103851
100110
106035
109895
101488
101478
107502
101563
103946
100445
101587
108943
106191
104506
101323
104461
109555
101920
107532
109699
108444
109474
105164
104713
101570
100327
106635
102981
108886
101995
104722
107019
101141
108166
102470
108073
103228
105921
103762
105969
106382
109446
105812
105496
107796
101831
109574
104591
105492
103091
103616
108112
108534
100004
103148
100156
102275
104235
100842
106546
108574
103248
102197
102610
102983
100917
107622
106787
109902
101915
108456
109650
101109
101240
102044
101036
109113
101079
101661
103342
101346
101647
105510
103498
107273
103113
100578
109548
109802
109516
107108
106654
101098
103691
101337
108282
101690
100690
102075
102478
101005
109789
104952
102388
106966
103658
107746
102434
104950
103247
108312
109488
106213
104655
107444
108584
100206
100361
105430
101619
101696
106193
102930
107313
106465
103636
103861
100905
101446
109286
103710
101394
105361
105102
108602
109088
105739
100612
104912
105300
101138
103497
106703
109693
104900
102488
109252
102068
103900
103004
107664
